58,35
0,493
0,472
32,1
32,3
10,123
10,139
10,137
10,77
10,285
10,231
10,299
10,245
11,23
11,5
11,25
11,13
11,27
9,5
8,5
8,16
8,17
8,12
55,4
55,3
55,2
55,1
55,0
54,3
54,2
54,1
54,0
53,3
53,2
53,1
53,0
52,5
52,4
52,3
52,2
52,1
52,0
51,4
51,3
51,2
51,1
51,0
49,5
49,4
49,3
49,2
49,1
49,0
46,5
46,4
46,3
46,2
46,1
46,0
44,5
44,4
44,3
44,2
44,1
44,0
20,3
20,2
20,1
19,3
19,2
19,1
12,3
12,2
12,1
11,28
11,26
11,24
11,14
11,10
11,6
11,4
11,3
11,2
11,1
10,298
10,292
18,1
10,246
18,3
10,174
10,172
10,150
10,68
10,14
10,3
10,2
10,1
14,1
9,7
14,3
9,6
9,4
13,1
9,3
